7400
10099
2799
3499
5400
8001
12900
11500
17500
18300
22101
24800
30100
36400
41200
47300
52799
64800
64800
69900
71700
71601
81101
69200
120301
85100
88600
95600
109400
117799
122601
134200
141700
132301
149401
157899
165000
171801
182500
184801
196901
198800
225500
245400
244000
246300
271899
276799
276099
314099
322500
329800
344100
351001
348100
382100
568799
410400
412899
420800
449499
457099
478600
487001
531900
522300
544801
580500
570400
581999
585901
2118900
48100
47699
54900
53400
55501
42400
45300
49399
52400
46500
45400
59500
1434100
3225100
855001
78400
78699
66299
69700
65299
78400
76100
75000
73900
78500
75599
76701
80000
82300
59600
3097400
80300
1664899
5612701
111300
577899
118200
286000
121501
32401
29600
30799
31000
30900
34400
30100
31600
32100
34700
33400
35501
61599
63800
67200
64699
66000
67100
63501
64100
65601
66099
66400
67700
66199
66200
71701
67300
6787000
115900
113999
106800
93700
76700
119701
153800
394600
107201
79800
92100
104899
107500
111800
96801
81801
82400
86500
84400
87800
84700
89900
88599
88700
90701
91700
89399
95100
92099
57300
60100
63400
67400
105100
99100
95801
98700
99001
95300
99400
104301
106100
108000
106700
112300
100101
101300
101000
100500
98400
100700
104300
104200
106100
168200
174700
164900
133601
136500
140100
139001
122000
124500
143499
147001
117801
118600
119300
124500
125299
147600
128600
130699
132400
134400
130299
134800
146101
134300
125401
127100
132400
132300
132501
128600
130400
134301
130400
146200
177099
171100
140199
141801
142301
141400
147700
144100
145499
165900
138900
145300
150399
153600
166501
162600
164601
169200
163701
136299
136201
137000
137200
138500
139201
140301
140500
143200
143300
144400
145400
145100
147800
146600
148300
149800
150300
150700
155399
152600
155500
155599
156599
156601
157800
157999
159000
159100
167499
161300
161700
163000
164500
164101
166001
314300
166300
167400
168399
169299
171000
171300
172900
172400
1390800
174900
175700
176800
177300
178000
179999
181001
181200
183700
204800
220199
238501
250599
286900
230700
224400
174500
169499
173700
172201
174500
195500
196300
197100
198600
198700
199400
201299
201801
202900
203300
205500
205199
210799
212700
344500
241999
243600
239099
237000
245900
243100
263300
235401
243400
247801
233100
235500
240400
278100
239501
253500
260400
276699
256600
253900
265900
286900
276200
269399
268700
274301
281900
278800
293701
351201
284099
298899
294300
294200
606100
351600
311000
315500
280199
285501
300499
309200
307599
323000
295500
305700
320700
294700
313400
321100
344100
336500
347599
318900
321299
302801
334401
372700
336800
352200
277299
296200
295601
300900
307300
313100
299699
314800
326400
317800
325000
331899
333800
338599
314300
248800
250400
251800
255500
256800
254200
263900
393301
535201
529400
357099
355501
350600
351600
355700
355101
356000
360700
359700
360799
364301
364100
368399
367400
368900
373001
371999
378799
389301
377001
381001
379199
381100
385199
384301
385600
447500
449699
445101
447100
448300
449799
424000
377699
379201
380600
352001
306800
632500
407500
415500
420100
377099
419999
367599
313200
313101
314501
321901
316800
319200
320100
323500
321899
323400
323500
326100
348600
329000
334000
335700
336500
337800
339700
345000
341600
343100
520300
345900
346600
347600
349999
350399
352700
353399
354300
355801
357100
357999
358599
360600
361200
383199
414200
364800
361100
391799
364200
367200
371401
381401
393700
390900
392900
394499
395700
397299
399400
421699
401600
402700
404899
406000
408401
409100
410700
412100
413700
415600
416600
419201
419100
420800
422399
423500
425800
427200
429500
429100
431301
431900
493301
430900
437700
433900
435400
451900
438300
440400
441900
442900
444400
445901
450600
468801
454901
456000
458099
459799
461700
463300
464801
466100
470800
469000
471100
473100
473100
475300
477400
477801
480200
481799
483699
485200
521800
1163699
636200
633500
635000
637200
639200
661500
643300
644600
956600
649800
652199
654901
655300
657901
659600
662400
664100
666301
668900
670700
673299
676300
593100
501800
500000
504799
504000
561500
687900
698700
695700
695499
700101
701800
701601
708199
709801
711400
711600
715999
717801
718799
726900
725100
729900
726599
738501
733299
735599
735700
562300
552899
966800
688799
562300
560100
563899
563001
566801
566700
570999
572399
572700
575801
671500
570300
569500
571601
577600
574001
581799
578999
582601
548600
550201
571600
553400
554900
556100
558000
577900
561201
562500
564200
566001
567901
570000
570900
572499
574200
575600
581900
579100
580399
582300
583701
647200
663900
588500
608100
592100
593500
594701
596599
601599
600000
601699
603500
670099
606600
608200
609899
968401
613300
639600
616800
618500
619700
621799
623300
625099
626700
975699
614701
595100
597100
598401
600201
604700
603700
605101
607101
610000
610099
665100
614699
616100
617399
618800
620900
656300
624600
625900
628000
629300
630901
707700
638500
654600
638401
639601
643000
643201
646499
647100
649200
650401
663100
657800
668100
690001
672500
714700
712299
714300
738701
717600
719200
721200
723701
764000
726500
728000
730500
737200
734500
1124600
704899
703399
705100
707301
708899
714600
727600
727100
716700
726200
720200
722199
724499
743800
834400
1065099
1072499
1076900
1081700
1083001
1086499
1089699
1091100
1094201
1097201
1102999
1103701
1120901
1186099
809600
806801
814900
821601
823399
826600
861101
912301
1032601
1163400
1169700
1165899
1179700
1193900
1504100
1283600
1111900
813800
816100
818300
823599
822600
823700
825600
838000
839200
832101
836999
863900
895000
861900
854101
884500
844301
1778401
847200
849300
851300
853499
855400
857100
859400
861200
866200
865200
873400
881501
937900
875700
1151601
1288600
1288501
1293300
1295200
1298500
1301300
1303400
1310100
1329800
1312601
1320500
1376101
1322200
1324701
1331799
1368601
972400
911799
919600
916400
918699
943100
923100
925299
926800
933600
1226400
932899
934700
936999
939001
941200
1088700
944799
947800
949300
951399
971900
956200
958100
965600
962100
969100
1381101
1732200
1570599
1527301
1432900
1435200
1458400
1442000
1444800
1450201
1457000
2657700
1396199
1093500
996600
998399
1021400
1003601
1007101
1012001
1027899
1035900
1192000
1035100
1176200
1877201
1944799
1910600
1877300
1674000
1868100
1786900
1842900
1877699
1805300
1814899
1060500
1050100
1052600
1064699
1056301
1504401
1551800
1555200
1573800
1565900
1486100
1151900
1159099
1155900
1159500
1163400
1165101
1803600
1086100
1087800
1090500
1552101
1184200
1277600
1187500
1187300
1189001
1192700
1195900
1198499
1200500
1202900
1203599
1207899
1614599
1668900
1656001
1664200
1667701
1668501
1672800
1678400
1680901
2463100
2382800
10729400
4504699
1324400
1212299
1575799
1672300
1676500
1676100
1681800
1687200
1912000
1776399
1693200
1817499
1710801
1697099
1718300
1720200
1743999
1762000
1733199
1739000
1742501
2119301
1272800
1278299
1280599
1280000
1298500
1355501
1293401
1641701
1780200
1780399
2217899
1304200
1308100
1327200
1349800
1395199
1892200
1807900
1813900
1816101
1828799
1845800
1424499
1734499
